[gd_scene load_steps=14 format=3 uid="uid://dobld6rjmphy2"]

[ext_resource type="Script" path="res://world.gd" id="1_kgq6l"]
[ext_resource type="PackedScene" uid="uid://cylwrkjur2rdw" path="res://player.tscn" id="1_mlsyg"]
[ext_resource type="SphereMesh" uid="uid://bhe3kpwx2ghuy" path="res://ball.tres" id="1_x2kho"]
[ext_resource type="Script" path="res://Camera3D.gd" id="2_567kw"]
[ext_resource type="PackedScene" uid="uid://nu4ymtwinci2" path="res://rock.tscn" id="4_hi2di"]
[ext_resource type="PackedScene" uid="uid://dsbmaan81i0hh" path="res://plaatform.tscn" id="6_tb7vh"]
[ext_resource type="PackedScene" uid="uid://d4dexvgigs6j6" path="res://power_up.tscn" id="7_bodcm"]

[sub_resource type="FastNoiseLite" id="FastNoiseLite_7ndhr"]
frequency = 0.1
fractal_octaves = 10

[sub_resource type="NoiseTexture2D" id="NoiseTexture2D_u7qse"]
width = 1024
height = 1024
noise = SubResource("FastNoiseLite_7ndhr")

[sub_resource type="StandardMaterial3D" id="StandardMaterial3D_rn8m2"]
metallic = 1.0
normal_enabled = true
normal_texture = SubResource("NoiseTexture2D_u7qse")
subsurf_scatter_enabled = true
subsurf_scatter_skin_mode = true

[sub_resource type="SphereShape3D" id="SphereShape3D_gqxnl"]
radius = 10.0

[sub_resource type="LabelSettings" id="LabelSettings_s7av3"]
font_size = 24

[sub_resource type="LabelSettings" id="LabelSettings_4yqe7"]
font_size = 64

[node name="World" type="Node3D"]
script = ExtResource("1_kgq6l")

[node name="Camera3D" type="Camera3D" parent="."]
transform = Transform3D(1, 0, 0, 0, 1, 0, 0, 0, 1, 1.001, -10.3853, 6)
script = ExtResource("2_567kw")

[node name="Floor" type="StaticBody3D" parent="."]

[node name="MeshInstance3D" type="MeshInstance3D" parent="Floor"]
transform = Transform3D(1, 0, 0, 0, 1, 0, 0, 0, 1, 0, -10, 0)
mesh = ExtResource("1_x2kho")
surface_material_override/0 = SubResource("StandardMaterial3D_rn8m2")

[node name="CollisionShape3D" type="CollisionShape3D" parent="Floor"]
transform = Transform3D(1, 0, 0, 0, 1, 0, 0, 0, 1, 0, -10, 0)
shape = SubResource("SphereShape3D_gqxnl")

[node name="Player" parent="." instance=ExtResource("1_mlsyg")]
transform = Transform3D(-4.37114e-08, 0, 1, 0, 1, 0, -1, 0, -4.37114e-08, 0, 2, 0)

[node name="DirectionalLight3D" type="DirectionalLight3D" parent="."]
transform = Transform3D(1, 0, 0, 0, -4.37114e-08, 1, 0, -1, -4.37114e-08, 1.001, 15.2059, 2)

[node name="Rocks" type="Node3D" parent="."]

[node name="Rock" parent="Rocks" instance=ExtResource("4_hi2di")]
transform = Transform3D(1.16491, 0.455203, 0.828114, -1.14917e-07, -1.3145, 0.722562, 0.944977, -0.561147, -1.02085, -7.72169, -21.7086, -12.1896)
color = Color(0.834656, 0.914471, 0.957556, 1)

[node name="Rock2" parent="Rocks" instance=ExtResource("4_hi2di")]
transform = Transform3D(0.892728, -0.716154, 0.969618, -0.59686, -1.3109, -0.418692, 1.04728, -0.136632, -1.06515, 25.5839, 19.2525, -26.3508)
color = Color(0.823529, 0.823529, 0.772549, 1)

[node name="Rock3" parent="Rocks" instance=ExtResource("4_hi2di")]
transform = Transform3D(-0.101563, -0.327451, -1.46029, -1.18612, -0.874899, 0.278678, -0.912576, 1.1736, -0.199693, -11.7002, -2.02299, -1.81308)
color = Color(0.823529, 0.823529, 0.772549, 1)

[node name="Rock4" parent="Rocks" instance=ExtResource("4_hi2di")]
transform = Transform3D(0.226954, -1.53453, -1.26242, 1.42573, -0.759319, 1.17929, -1.38412, -1.03376, 1.00774, 9.42987, -21.7086, 73.8301)
color = Color(0.820233, 0.907028, 0.953801, 1)

[node name="Rock5" parent="Rocks" instance=ExtResource("4_hi2di")]
transform = Transform3D(1.40101, 1.2857, -0.619778, 0.00154453, -0.869833, -1.80094, -1.42729, 1.26109, -0.610317, 16.9538, -6.23043, 40.6837)
color = Color(0.820233, 0.907028, 0.953801, 1)

[node name="Rock6" parent="Rocks" instance=ExtResource("4_hi2di")]
transform = Transform3D(-0.103266, 1.16931, 1.61927, 0.127186, -1.6143, 1.17383, 1.99328, 0.163583, 0.00899031, 6.90354, 2.39761, -56.142)
color = Color(0.834656, 0.914471, 0.957556, 1)

[node name="Rock7" parent="Rocks" instance=ExtResource("4_hi2di")]
transform = Transform3D(1.64534, -1.08926, -0.326155, 1.09826, 1.67099, -0.0402938, 0.294446, -0.145953, 1.97282, 30.585, -86.6009, 40.8027)
color = Color(0.820233, 0.907028, 0.953801, 1)

[node name="Rock8" parent="Rocks" instance=ExtResource("4_hi2di")]
transform = Transform3D(-1.56441, 0.335906, -1.19991, -1.02676, -1.4387, 0.935906, -0.705967, 1.34808, 1.2978, -10.3328, 7.55663, -4.40831)
color = Color(0.823529, 0.823529, 0.772549, 1)

[node name="Rock9" parent="Rocks" instance=ExtResource("4_hi2di")]
transform = Transform3D(1.0686, 0.0256033, -1.69039, 1.52017, -0.889538, 0.947522, -0.739705, -1.79111, -0.494742, -49.1456, -17.0866, 21.5949)
color = Color(0.820233, 0.907028, 0.953801, 1)

[node name="Rock10" parent="Rocks" instance=ExtResource("4_hi2di")]
transform = Transform3D(-0.139011, 1.28262, -1.52825, 0.07829, -1.52727, -1.28892, -1.99363, -0.14941, 0.0559452, 9.49139, 19.6756, -20.4395)
color = Color(0.823529, 0.823529, 0.772549, 1)

[node name="Rock11" parent="Rocks" instance=ExtResource("4_hi2di")]
transform = Transform3D(0.892728, -0.716154, 0.969618, -0.59686, -1.3109, -0.418692, 1.04728, -0.136632, -1.06515, 45.3731, 10.0483, -29.1923)
color = Color(0.823529, 0.823529, 0.772549, 1)

[node name="Rock12" parent="Rocks" instance=ExtResource("4_hi2di")]
transform = Transform3D(1.78546, -1.43231, 1.93924, -1.19372, -2.6218, -0.83738, 2.09456, -0.273267, -2.1303, 56.7418, -13.5879, -27.6333)
color = Color(0.55, 0.4675, 0.3025, 1)

[node name="Rock13" parent="Rocks" instance=ExtResource("4_hi2di")]
transform = Transform3D(0.892728, -0.716154, 0.969618, -0.59686, -1.3109, -0.418692, 1.04728, -0.136632, -1.06515, 58.3078, -51.0091, -41.188)
color = Color(0.823529, 0.823529, 0.772549, 1)

[node name="Rock14" parent="Rocks" instance=ExtResource("4_hi2di")]
transform = Transform3D(-0.278021, 2.56524, -3.05651, 0.15658, -3.05454, -2.57784, -3.98725, -0.29882, 0.11189, -1.37078, 17.1005, -7.93983)
color = Color(0.486275, 0.4, 0.247059, 1)

[node name="Rock15" parent="Rocks" instance=ExtResource("4_hi2di")]
transform = Transform3D(0.892728, -0.716154, 0.969618, -0.59686, -1.3109, -0.418692, 1.04728, -0.136632, -1.06515, 47.6572, -85.245, -21.8762)
color = Color(0.823529, 0.823529, 0.772549, 1)

[node name="Rock17" parent="Rocks" instance=ExtResource("4_hi2di")]
transform = Transform3D(-1.41526, -2.41383, -1.08188, -1.6155, 1.76033, -1.81422, 2.09456, -0.273266, -2.13029, -26.0555, -95.0892, -27.6333)
color = Color(0.713726, 0.6, 0.301961, 1)

[node name="Rock18" parent="Rocks" instance=ExtResource("4_hi2di")]
transform = Transform3D(-0.70763, -1.20691, -0.540942, -0.807753, 0.880165, -0.907108, 1.04728, -0.136632, -1.06515, -71.2156, -91.3773, -34.8762)
color = Color(0.823529, 0.823529, 0.772549, 1)

[node name="Rock19" parent="Rocks" instance=ExtResource("4_hi2di")]
transform = Transform3D(-0.70763, -1.20691, -0.540942, -0.807753, 0.880165, -0.907108, 1.04728, -0.136632, -1.06515, -104.58, -61.8321, -21.8762)
color = Color(0.823529, 0.823529, 0.772549, 1)

[node name="Ups" type="Node3D" parent="."]

[node name="PowerUp" parent="Ups" instance=ExtResource("7_bodcm")]
transform = Transform3D(-0.0523511, -0.976098, 0.210932, 0.998565, -0.053556, 0, 0.0112967, 0.21063, 0.977501, -10.2074, -9.79187, 4.71224)

[node name="PowerUp2" parent="Ups" instance=ExtResource("7_bodcm")]
transform = Transform3D(-0.0523511, -0.976098, 0.210932, 0.975543, -0.00483236, 0.219757, -0.213485, 0.217278, 0.952478, -1.12544, 22.6623, -10.0475)

[node name="PowerUp3" parent="Ups" instance=ExtResource("7_bodcm")]
transform = Transform3D(0.998679, 0.0513947, 2.24654e-09, 0, -4.37114e-08, 1, 0.0513948, -0.998678, -4.36536e-08, 6.7417, 2.60628, -59.8699)

[node name="PowerUp4" parent="Ups" instance=ExtResource("7_bodcm")]
transform = Transform3D(-3.60479e-08, 0.824679, 0.5656, -1, -4.37114e-08, -1.77636e-15, 2.47232e-08, -0.5656, 0.824679, 61.6917, -13.0725, -30.0719)

[node name="PowerUp5" parent="Ups" instance=ExtResource("7_bodcm")]
transform = Transform3D(-0.737053, -0.227221, 0.636493, -0.0378206, -0.926444, -0.374527, 0.674776, -0.300119, 0.674245, -26.68, -98.8098, -28.3597)

[node name="PowerUp6" parent="Ups" instance=ExtResource("7_bodcm")]
transform = Transform3D(-0.453636, -0.867015, -0.206155, -0.112206, -0.173919, 0.978346, -0.884095, 0.466945, -0.0183881, -51.3536, -17.6976, 23.1419)

[node name="PowerUp7" parent="Ups" instance=ExtResource("7_bodcm")]
transform = Transform3D(0.340965, 0.270215, 0.900404, 0.4245, -0.898843, 0.108997, 0.838775, 0.345057, -0.421181, 31.5113, -88.5338, 42.1165)

[node name="plaatform" parent="." instance=ExtResource("6_tb7vh")]
transform = Transform3D(0.0211537, -0.977582, -0.209493, 0.999574, 0.0164672, 0.0240888, -0.0200991, -0.209913, 0.977514, -139.897, -5.06406, 0)

[node name="Timer" type="Timer" parent="."]

[node name="Control" type="Control" parent="."]
layout_mode = 3
anchor_left = 0.955
anchor_top = 0.04
anchor_right = 0.955
anchor_bottom = 0.04
offset_left = 1.99988
offset_top = 10.0
offset_right = 1.99988
offset_bottom = 10.0

[node name="Label" type="Label" parent="Control"]
modulate = Color(0.552, 1, 0.44, 1)
layout_mode = 0
offset_left = -22.0
offset_top = -12.0
offset_right = 18.0
offset_bottom = 11.0
text = "0"
label_settings = SubResource("LabelSettings_s7av3")

[node name="Control2" type="Control" parent="."]
visible = false
layout_mode = 3
anchor_left = 0.5
anchor_top = 0.091
anchor_right = 0.5
anchor_bottom = 0.091
offset_top = 8.99999
offset_bottom = 8.99999

[node name="Label" type="Label" parent="Control2"]
layout_mode = 0
offset_left = -73.0
offset_top = -16.0
offset_right = 64.0
offset_bottom = 72.0
text = "Win!"
label_settings = SubResource("LabelSettings_4yqe7")

[connection signal="win" from="plaatform" to="." method="_on_plaatform_win"]
